Limits of validity (at 0h UTC) TAI-UTC (seconds) from IERS EOP
Extra MJD corrections prior to 1972 removed for simplicity
1961  1  1     1.4228180
1961  8  1     1.3728180
1962  1  1     1.8458580
1963 11  1     1.9458580
1964  1  1     3.2401300
1964  4  1     3.3401300
1964  9  1     3.4401300
1965  1  1     3.5401300
1965  3  1     3.6401300
1965  7  1     3.7401300
1965  9  1     3.8401300
1966  1  1     4.3131700
1968  2  1     4.2131700
1972  1  1    10
1972  7  1    11
1973  1  1    12    
1974  1  1    13    
1975  1  1    14   
1976  1  1    15   
1977  1  1    16   
1978  1  1    17
1979  1  1    18
1980  1  1    19   
1981  7  1    20   
1982  7  1    21    
1983  7  1    22    
1985  7  1    23
1988  1  1    24 
1990  1  1    25
1991  1  1    26
1992  7  1    27
1993  7  1    28
1994  7  1    29
1996  1  1    30
1997  7  1    31
1999  1  1    32
2006  1  1    33
2009  1  1    34

